0.01 1.8125
0.02 1.83182
0.03 1.90625
0.04 1.91741
0.05 1.98438
0.06 2.00694
0.07 2.07227
0.08 2.10061
0.09 2.16699
0.1 2.19861
0.11 2.26807
0.12 2.30116
0.13 2.37207
0.14 2.40847
0.15 2.48193
0.16 2.52076
0.17 2.59692
0.18 2.63827
0.19 2.71716
0.2 2.76126
0.21 2.84302
0.22 2.88998
0.23 2.97473
0.24 3.02471
0.25 3.11273
0.26 3.16573
0.27 3.25714
0.28 3.31335
0.29 3.4082
0.3 3.46788
0.31 3.56635
0.32 3.62966
0.33 3.7319
0.34 3.79901
0.35 3.90518
0.36 3.97632
0.37 4.08655
0.38 4.16195
0.39 4.27649
0.4 4.3563
0.41 4.47536
0.42 4.55979
0.43 4.68359
0.44 4.77285
0.45 4.90163
0.46 4.99594
0.47 5.12991
0.48 5.22954
0.49 5.36894
0.5 5.47415
0.51 5.61925
0.52 5.73028
0.53 5.88137
0.54 5.99849
0.55 6.15585
0.56 6.27934
0.57 6.44324
0.58 6.57345
0.59 6.7442
0.6 6.88144
0.61 7.0594
0.62 7.20397
0.63 7.38947
0.64 7.54173
0.65 7.73511
0.66 7.89543
0.67 8.09708
0.68 8.26585
0.69 8.47614
0.7 8.65376
0.71 8.87309
0.72 9.05999
0.73 9.28882
0.74 9.48542
0.75 9.72418
0.76 9.93095
0.77 10.1801
0.78 10.3975
0.79 10.6576
0.8 10.8862
0.81 11.1576
0.82 11.3979
0.83 11.6813
0.84 11.9338
0.85 12.2297
0.86 12.495
0.87 12.804
0.88 13.0827
0.89 13.4054
0.9 13.6982
0.91 14.0353
0.92 14.3427
0.93 14.6949
0.94 15.0177
0.95 15.3856
0.96 15.7246
0.97 16.109
0.98 16.4648
0.99 16.8665
