Enter the coefficients of y*y"and (y')^2 
Enter  y(0),y(1) and three choices of number of steps 
 The equation is :- 
3.00y*y" + 1.00(y')^2 = 0 
 y(0) = 0.00  y(1) = 1.00 
0.10 0.203243 
0.20 0.329865 
0.30 0.434595 
0.40 0.528379 
0.50 0.615427 
0.60 0.697843 
0.70 0.776848 
0.80 0.853216 
0.90 0.927474 

0.10 0.170392 
0.20 0.293596 
0.30 0.400962 
0.40 0.499372 
0.50 0.591690 
0.60 0.679454 
0.70 0.763611 
0.80 0.844802 
0.90 0.923484 

0.10 0.165812 
0.20 0.289404 
0.30 0.397529 
0.40 0.496651 
0.50 0.589585 
0.60 0.677878 
0.70 0.762495 
0.80 0.844094 
0.90 0.923144 

0.10 0.165711 
0.20 0.289325 
0.30 0.397469 
0.40 0.496605 
0.50 0.589550 
0.60 0.677851 
0.70 0.762476 
0.80 0.844081 
0.90 0.923138 

0.10 0.165710 
0.20 0.289325 
0.30 0.397469 
0.40 0.496605 
0.50 0.589550 
0.60 0.677851 
0.70 0.762476 
0.80 0.844081 
0.90 0.923138 

0.05 0.139409 
0.10 0.221614 
0.15 0.287474 
0.20 0.345162 
0.25 0.397822 
0.30 0.447024 
0.35 0.493678 
0.40 0.538364 
0.45 0.581475 
0.50 0.623292 
0.55 0.664025 
0.60 0.703832 
0.65 0.742838 
0.70 0.781144 
0.75 0.818832 
0.80 0.855967 
0.85 0.892608 
0.90 0.928801 
0.95 0.964586 

0.05 0.105724 
0.10 0.179441 
0.15 0.243005 
0.20 0.301021 
0.25 0.355347 
0.30 0.406958 
0.35 0.456439 
0.40 0.504183 
0.45 0.550464 
0.50 0.595487 
0.55 0.639410 
0.60 0.682356 
0.65 0.724427 
0.70 0.765705 
0.75 0.806260 
0.80 0.846151 
0.85 0.885429 
0.90 0.924138 
0.95 0.962317 

0.05 0.098508 
0.10 0.171654 
0.15 0.235628 
0.20 0.294278 
0.25 0.349270 
0.30 0.401519 
0.35 0.451596 
0.40 0.499888 
0.45 0.546673 
0.50 0.592161 
0.55 0.636514 
0.60 0.679860 
0.65 0.722303 
0.70 0.763932 
0.75 0.804818 
0.80 0.845023 
0.85 0.884600 
0.90 0.923596 
0.95 0.962051 

0.05 0.098108 
0.10 0.171292 
0.15 0.235317 
0.20 0.294009 
0.25 0.349036 
0.30 0.401313 
0.35 0.451414 
0.40 0.499727 
0.45 0.546532 
0.50 0.592037 
0.55 0.636405 
0.60 0.679765 
0.65 0.722223 
0.70 0.763864 
0.75 0.804763 
0.80 0.844980 
0.85 0.884568 
0.90 0.923575 
0.95 0.962041 

0.05 0.098107 
0.10 0.171291 
0.15 0.235316 
0.20 0.294008 
0.25 0.349035 
0.30 0.401312 
0.35 0.451414 
0.40 0.499727 
0.45 0.546531 
0.50 0.592036 
0.55 0.636405 
0.60 0.679765 
0.65 0.722223 
0.70 0.763864 
0.75 0.804763 
0.80 0.844980 
0.85 0.884568 
0.90 0.923575 
0.95 0.962041 

0.01 0.066103 
0.02 0.101655 
0.03 0.128478 
0.04 0.150936 
0.05 0.170708 
0.06 0.188634 
0.07 0.205199 
0.08 0.220713 
0.09 0.235386 
0.10 0.249367 
0.11 0.262770 
0.12 0.275678 
0.13 0.288158 
0.14 0.300265 
0.15 0.312041 
0.16 0.323522 
0.17 0.334739 
0.18 0.345717 
0.19 0.356477 
0.20 0.367039 
0.21 0.377419 
0.22 0.387630 
0.23 0.397686 
0.24 0.407597 
0.25 0.417374 
0.26 0.427025 
0.27 0.436558 
0.28 0.445981 
0.29 0.455300 
0.30 0.464520 
0.31 0.473648 
0.32 0.482688 
0.33 0.491645 
0.34 0.500522 
0.35 0.509324 
0.36 0.518055 
0.37 0.526717 
0.38 0.535314 
0.39 0.543848 
0.40 0.552322 
0.41 0.560739 
0.42 0.569100 
0.43 0.577409 
0.44 0.585667 
0.45 0.593876 
0.46 0.602037 
0.47 0.610154 
0.48 0.618226 
0.49 0.626256 
0.50 0.634245 
0.51 0.642194 
0.52 0.650105 
0.53 0.657979 
0.54 0.665817 
0.55 0.673620 
0.56 0.681390 
0.57 0.689126 
0.58 0.696831 
0.59 0.704505 
0.60 0.712149 
0.61 0.719764 
0.62 0.727350 
0.63 0.734909 
0.64 0.742440 
0.65 0.749946 
0.66 0.757426 
0.67 0.764881 
0.68 0.772311 
0.69 0.779718 
0.70 0.787102 
0.71 0.794463 
0.72 0.801802 
0.73 0.809120 
0.74 0.816416 
0.75 0.823692 
0.76 0.830948 
0.77 0.838184 
0.78 0.845401 
0.79 0.852599 
0.80 0.859778 
0.81 0.866940 
0.82 0.874083 
0.83 0.881210 
0.84 0.888319 
0.85 0.895412 
0.86 0.902488 
0.87 0.909548 
0.88 0.916593 
0.89 0.923622 
0.90 0.930636 
0.91 0.937635 
0.92 0.944619 
0.93 0.951589 
0.94 0.958546 
0.95 0.965488 
0.96 0.972417 
0.97 0.979332 
0.98 0.986234 
0.99 0.993123 

0.01 0.040592 
0.02 0.065605 
0.03 0.086062 
0.04 0.104187 
0.05 0.120843 
0.06 0.136465 
0.07 0.151308 
0.08 0.165535 
0.09 0.179259 
0.10 0.192560 
0.11 0.205500 
0.12 0.218125 
0.13 0.230473 
0.14 0.242572 
0.15 0.254449 
0.16 0.266123 
0.17 0.277612 
0.18 0.288931 
0.19 0.300092 
0.20 0.311107 
0.21 0.321986 
0.22 0.332737 
0.23 0.343368 
0.24 0.353886 
0.25 0.364297 
0.26 0.374607 
0.27 0.384820 
0.28 0.394941 
0.29 0.404975 
0.30 0.414926 
0.31 0.424797 
0.32 0.434590 
0.33 0.444311 
0.34 0.453960 
0.35 0.463541 
0.36 0.473057 
0.37 0.482509 
0.38 0.491900 
0.39 0.501231 
0.40 0.510505 
0.41 0.519724 
0.42 0.528889 
0.43 0.538001 
0.44 0.547063 
0.45 0.556075 
0.46 0.565040 
0.47 0.573958 
0.48 0.582830 
0.49 0.591658 
0.50 0.600442 
0.51 0.609185 
0.52 0.617886 
0.53 0.626548 
0.54 0.635170 
0.55 0.643753 
0.56 0.652300 
0.57 0.660809 
0.58 0.669283 
0.59 0.677721 
0.60 0.686125 
0.61 0.694496 
0.62 0.702833 
0.63 0.711138 
0.64 0.719411 
0.65 0.727653 
0.66 0.735864 
0.67 0.744045 
0.68 0.752197 
0.69 0.760320 
0.70 0.768414 
0.71 0.776480 
0.72 0.784519 
0.73 0.792531 
0.74 0.800516 
0.75 0.808475 
0.76 0.816409 
0.77 0.824317 
0.78 0.832200 
0.79 0.840058 
0.80 0.847893 
0.81 0.855703 
0.82 0.863490 
0.83 0.871254 
0.84 0.878995 
0.85 0.886714 
0.86 0.894411 
0.87 0.902085 
0.88 0.909739 
0.89 0.917371 
0.90 0.924982 
0.91 0.932572 
0.92 0.940142 
0.93 0.947692 
0.94 0.955223 
0.95 0.962733 
0.96 0.970224 
0.97 0.977696 
0.98 0.985149 
0.99 0.992584 

0.01 0.031203 
0.02 0.053285 
0.03 0.072381 
0.04 0.089818 
0.05 0.106141 
0.06 0.121641 
0.07 0.136493 
0.08 0.150816 
0.09 0.164694 
0.10 0.178190 
0.11 0.191351 
0.12 0.204216 
0.13 0.216815 
0.14 0.229175 
0.15 0.241316 
0.16 0.253257 
0.17 0.265013 
0.18 0.276598 
0.19 0.288024 
0.20 0.299301 
0.21 0.310438 
0.22 0.321444 
0.23 0.332325 
0.24 0.343090 
0.25 0.353743 
0.26 0.364291 
0.27 0.374737 
0.28 0.385088 
0.29 0.395347 
0.30 0.405518 
0.31 0.415605 
0.32 0.425612 
0.33 0.435540 
0.34 0.445394 
0.35 0.455176 
0.36 0.464888 
0.37 0.474533 
0.38 0.484113 
0.39 0.493631 
0.40 0.503088 
0.41 0.512486 
0.42 0.521827 
0.43 0.531113 
0.44 0.540345 
0.45 0.549524 
0.46 0.558653 
0.47 0.567733 
0.48 0.576764 
0.49 0.585749 
0.50 0.594688 
0.51 0.603582 
0.52 0.612433 
0.53 0.621242 
0.54 0.630009 
0.55 0.638736 
0.56 0.647423 
0.57 0.656071 
0.58 0.664682 
0.59 0.673256 
0.60 0.681793 
0.61 0.690295 
0.62 0.698762 
0.63 0.707196 
0.64 0.715595 
0.65 0.723963 
0.66 0.732298 
0.67 0.740601 
0.68 0.748874 
0.69 0.757116 
0.70 0.765329 
0.71 0.773512 
0.72 0.781666 
0.73 0.789793 
0.74 0.797891 
0.75 0.805962 
0.76 0.814007 
0.77 0.822024 
0.78 0.830016 
0.79 0.837983 
0.80 0.845924 
0.81 0.853841 
0.82 0.861733 
0.83 0.869601 
0.84 0.877445 
0.85 0.885266 
0.86 0.893064 
0.87 0.900840 
0.88 0.908593 
0.89 0.916324 
0.90 0.924034 
0.91 0.931722 
0.92 0.939389 
0.93 0.947036 
0.94 0.954661 
0.95 0.962267 
0.96 0.969852 
0.97 0.977418 
0.98 0.984965 
0.99 0.992492 

0.01 0.029328 
0.02 0.051136 
0.03 0.070210 
0.04 0.087696 
0.05 0.104090 
0.06 0.119666 
0.07 0.134594 
0.08 0.148990 
0.09 0.162936 
0.10 0.176496 
0.11 0.189716 
0.12 0.202637 
0.13 0.215289 
0.14 0.227698 
0.15 0.239885 
0.16 0.251870 
0.17 0.263667 
0.18 0.275291 
0.19 0.286754 
0.20 0.298066 
0.21 0.309237 
0.22 0.320274 
0.23 0.331187 
0.24 0.341980 
0.25 0.352662 
0.26 0.363237 
0.27 0.373710 
0.28 0.384086 
0.29 0.394369 
0.30 0.404564 
0.31 0.414674 
0.32 0.424703 
0.33 0.434653 
0.34 0.444528 
0.35 0.454330 
0.36 0.464062 
0.37 0.473727 
0.38 0.483326 
0.39 0.492863 
0.40 0.502338 
0.41 0.511754 
0.42 0.521112 
0.43 0.530415 
0.44 0.539664 
0.45 0.548860 
0.46 0.558005 
0.47 0.567101 
0.48 0.576148 
0.49 0.585148 
0.50 0.594102 
0.51 0.603012 
0.52 0.611877 
0.53 0.620700 
0.54 0.629482 
0.55 0.638223 
0.56 0.646924 
0.57 0.655586 
0.58 0.664210 
0.59 0.672798 
0.60 0.681348 
0.61 0.689863 
0.62 0.698344 
0.63 0.706790 
0.64 0.715202 
0.65 0.723582 
0.66 0.731929 
0.67 0.740245 
0.68 0.748530 
0.69 0.756784 
0.70 0.765009 
0.71 0.773204 
0.72 0.781370 
0.73 0.789508 
0.74 0.797618 
0.75 0.805701 
0.76 0.813756 
0.77 0.821786 
0.78 0.829789 
0.79 0.837766 
0.80 0.845719 
0.81 0.853646 
0.82 0.861549 
0.83 0.869428 
0.84 0.877283 
0.85 0.885115 
0.86 0.892923 
0.87 0.900709 
0.88 0.908473 
0.89 0.916215 
0.90 0.923934 
0.91 0.931633 
0.92 0.939310 
0.93 0.946966 
0.94 0.954602 
0.95 0.962218 
0.96 0.969813 
0.97 0.977389 
0.98 0.984945 
0.99 0.992482 

0.01 0.029239 
0.02 0.051050 
0.03 0.070131 
0.04 0.087623 
0.05 0.104022 
0.06 0.119603 
0.07 0.134534 
0.08 0.148933 
0.09 0.162882 
0.10 0.176444 
0.11 0.189667 
0.12 0.202589 
0.13 0.215243 
0.14 0.227653 
0.15 0.239842 
0.16 0.251828 
0.17 0.263627 
0.18 0.275252 
0.19 0.286715 
0.20 0.298028 
0.21 0.309200 
0.22 0.320239 
0.23 0.331152 
0.24 0.341947 
0.25 0.352629 
0.26 0.363204 
0.27 0.373678 
0.28 0.384055 
0.29 0.394339 
0.30 0.404535 
0.31 0.414646 
0.32 0.424675 
0.33 0.434626 
0.34 0.444501 
0.35 0.454304 
0.36 0.464037 
0.37 0.473702 
0.38 0.483302 
0.39 0.492839 
0.40 0.502315 
0.41 0.511731 
0.42 0.521090 
0.43 0.530394 
0.44 0.539643 
0.45 0.548840 
0.46 0.557985 
0.47 0.567081 
0.48 0.576129 
0.49 0.585129 
0.50 0.594084 
0.51 0.602994 
0.52 0.611860 
0.53 0.620683 
0.54 0.629465 
0.55 0.638207 
0.56 0.646908 
0.57 0.655571 
0.58 0.664196 
0.59 0.672783 
0.60 0.681334 
0.61 0.689850 
0.62 0.698330 
0.63 0.706777 
0.64 0.715190 
0.65 0.723570 
0.66 0.731918 
0.67 0.740234 
0.68 0.748519 
0.69 0.756774 
0.70 0.764999 
0.71 0.773194 
0.72 0.781361 
0.73 0.789499 
0.74 0.797610 
0.75 0.805692 
0.76 0.813749 
0.77 0.821778 
0.78 0.829782 
0.79 0.837759 
0.80 0.845712 
0.81 0.853640 
0.82 0.861543 
0.83 0.869422 
0.84 0.877278 
0.85 0.885110 
0.86 0.892919 
0.87 0.900705 
0.88 0.908469 
0.89 0.916211 
0.90 0.923931 
0.91 0.931630 
0.92 0.939308 
0.93 0.946964 
0.94 0.954600 
0.95 0.962216 
0.96 0.969812 
0.97 0.977388 
0.98 0.984945 
0.99 0.992482 

